1 1 1 1 1 1 1 1 1 1 1 1 1 7 1 5 4 1 2 7 5 1
1 1 9 5 1 1 1 1 1 2 1 1 1 1 6 5 5 5 1 1 1 7 
1 9 1 1 1 1 1 1 1 1 1 7 1 1 7 6 5 1 1 5 1 1 
1 5 8 1 1 1 1 1 1 1 1 1 6 1 2 5 8 5 6 4 1 4 
1 8 4 1 1 1 4 3 4 1 1 1 7 1 5 8 1 1 5 5 4 1 
1 1 1 8 1 1 3 4 1 1 1 1 1 7 8 9 2 7 1 1 5 6 
1 1 1 1 9 1 1 1 1 1 1 9 1 8 8 1 1 1 1 1 1 1 
1 1 5 8 1 1 1 1 1 1 1 1 8 1 1 1 1 1 1 1 1 1 
1 1 5 1 1 1 1 1 2 1 1 9 9 1 1 1 1 1 1 1 1 1 
1 1 1 1 1 9 8 1 9 1 1 9 1 1 1 1 1 1 1 1 1 1 
1 1 1 1 1 8 9 4 9 8 8 8 9 5 8 1 9 9 1 1 1 1 
1 1 1 1 1 1 3 4 1 1 1 1 1 8 9 9 1 1 1 1 1 1